iter: 36

fx_final:1.1688055005832842e-10

min_x:1.0000102331053824  max_x:1.0000201175447214

final_x:[[1.00001023]
 [1.00002012]]