iter: 13

fx_final:6.761183152947224e-08

min_x:1.000221399732047  max_x:1.0004292125037237

final_x:[[1.0002214 ]
 [1.00042921]]