iter: 3362

final_x:[[0.99686096]
 [0.99372387]]