iter: 5360

final_x:[[1.00346882]
 [1.00694468]]