iter: 2620

fx_final:1.0157743711118481e-05

final_x:[[1.00318683]
 [1.00637955]]