iter: 4020

fx_final:3.5919964339065435e-05

min_x:1.0059911801256936  max_x:1.012034293518262

final_x:[[1.00599118]
 [1.01203429]]