iter: 3374

fx_final:4.395294327474469e-05

min_x:1.006601641082112  max_x:1.0133077964393302

final_x:[[1.00660164]
 [1.0133078 ]]