iter: 8773

final_x:[[1.00984151]
 [1.01982617]]