iter: 42

fx_final:4.605855468797976e-08

min_x:1.000024057096343  max_x:1.000069440767492

final_x:[[1.00002406]
 [1.00006944]]