iter: 19

fx_final:2.19798948167316e-09

min_x:1.00003806762002  max_x:1.0000734001845013

final_x:[[1.00003807]
 [1.0000734 ]]