iter: 102

fx_final:2.430890405910652e-07

final_x:[[1.00047589]
 [1.00093911]]