iter: 2257

fx_final:0.00018846594512112114

final_x:[[1.01372354]
 [1.02767153]]